-1.1876148905579824 0.7664323998749145 
-0.5114307157303428 2.670598134675915 
-0.18992049334401262 1.297607772507675 
-0.8012527977926647 -2.161956828663783 
-1.7038990221489794 -0.9681266834964388 
-0.5421946147441097 1.1961551063589404 
-0.9188417734728791 1.9159951343478205 
-2.416182630733138 -2.1779903945313315 
-0.03623632886614203 -2.070759112351874 
2.703421390348442 1.7139887170378074 
-0.7218112286287495 -1.4909720007076823 
2.228511615538274 0.3006994641041887 
1.285900770067502 -1.1463932429249348 
-2.3684190414128006 1.8541171883587406 
1.330095914740042 0.8802815004018294 
1.2313235345473954 -0.7553600671983451 
0.1788076978319988 -2.267090995247968 
-0.20028561164994851 0.9347188925630645 
1.1754246332865446 -1.9648551435559283 
0.5888956502690119 2.754217370275816 
2.6963102255288964 -0.42385493700360355 
